# Intro screen as tilemap (30 x 15)
#
#  2    4    6    8   10   12   14   16   18   20   22   24   26   28   30 
0000 0000 0000 0000 0000 0000 0000 0000 0000 0000 0000 0000 0000 0000 0000 # 1
0000 0000 0040 0000 0000 4040 4040 0040 4040 0000 4040 4040 0000 0000 0000 # 2
0000 0000 0040 0000 0000 4000 0040 0040 0000 4000 4000 0000 0000 0000 0000 # 3
0000 0000 0040 0000 0000 4000 0040 0040 0000 4000 4040 0000 0000 0000 0000 # 4
0000 0000 0040 0000 0000 4000 0040 0040 0000 4000 4000 0000 0000 0000 0000 # 5
0000 0000 0040 4040 4000 4040 4040 0040 4040 0000 4040 4040 0000 0000 0000 # 6
0000 0000 0000 0000 0000 0000 0000 0000 0000 0000 0000 0000 0000 0000 0000 # 7
0040 4040 4000 4000 0040 0040 0000 4000 4000 0040 0040 4040 0040 4040 4000 # 8
0040 0000 4000 4000 0040 0040 4000 4000 4040 0040 0040 0000 0040 0000 4000 # 9
0040 4040 4000 4000 0040 0040 0040 4000 4000 4040 0040 4000 0040 4040 4000 # 10
0040 0040 0000 4000 0040 0040 0000 4000 4000 0040 0040 0000 0040 0040 0000 # 11
0040 0000 4000 4040 4040 0040 0000 4000 4000 0040 0040 4040 0040 0000 4000 # 12
0000 0000 0000 0000 0000 0000 0000 0000 0000 0000 0000 0000 0000 0000 0000 # 13
#                        ORIGINAL BY DOUG SMITH
0000 0000 000f 1209 0709 0e01 0c20 0219 2004 0f15 0720 130d 0914 0800 0000 # 14
#
0000 0000 0000 0000 0000 0000 0000 0000 0000 0000 0000 0000 0000 0000 0000 # 15
# SELECT WORLD OR START TO PLAY
1305 0c05 0314 2017 0f12 0c04 200f 1220 1314 0112 1420 140f 2010 0c01 1900 # 16
0000 0000 0000 0000 0000 0000 0000 0000 0000 0000 0000 0000 0000 0000 0000 # 17
# CLASSIC
030c 0113 1309 0300 0000 0000 0000 0000 0000 0000 0000 0000 0000 0000 0000 # 18
0000 0000 0000 0000 0000 0000 0000 0000 0000 0000 0000 0000 0000 0000 0000 # 19
# CHAMPIONSHIP
0308 010d 1009 0f0e 1308 0910 0000 0000 0000 0000 0000 0000 0000 0000 0000 # 20
0000 0000 0000 0000 0000 0000 0000 0000 0000 0000 0000 0000 0000 0000 0000 # 21
# PROFESSIONAL
1012 0f06 0513 1309 0f0e 010c 0000 0000 0000 0000 0000 0000 0000 0000 0000 # 22
0000 0000 0000 0000 0000 0000 0000 0000 0000 0000 0000 0000 0000 0000 0000 # 23
# REVENGE OF LODE RUNNER
1205 1605 0e07 0520 0f06 200c 0f04 0520 1215 0e0e 0512 0000 0000 0000 0000 # 24
0000 0000 0000 0000 0000 0000 0000 0000 0000 0000 0000 0000 0000 0000 0000 # 25
# LODE RUNNER FANBOOK
0c0f 0405 2012 150e 0e05 1220 0601 0e02 0f0f 0b00 0000 0000 0000 0000 0000 # 26
0000 0000 0000 0000 0000 0000 0000 0000 0000 0000 0000 0000 0000 0000 0000 # 27
# CUSTOM
0315 1314 0f0d 200c 0516 050c 1300 0000 0000 0000 0000 0000 0000 0000 0000 # 28