# Tiles are 8x8, 2 bits per pixel
# 0-3 is the color for each pixel

# Tile 0 - @
00000000
00000000
00000000
00000000
00000000
00000000
00000000
00000000
# Alphabetic characters w/color index 1
# 1 - A
00111100
00100100
00100100
01111100
01000100
01001100
01001100
00000000
# 2 - B
01111000
01001000
01001000
01111100
01000100
01000100
01111100
00000000
# 3 - C
01111100
01000100
01000000
01100000
01100000
01100100
01111100
00000000
# 4 - D
01110000
01000100
01000100
01100100
01100100
01100100
01110000
00000000
# 5 - E
01111100
01110000
01111000
01000000
01000000
01000000
01111100
00000000
# 6 - F
01111100
01110000
01111000
01000000
01000000
01000000
01000000
00000000
# 7 - G
01111100
01000100
01000000
01001100
01001100
01000100
01111100
00000000
# 8 - H
01000100
01000100
01000100
01111100
01100100
01100100
01100100
00000000
# 9 - I
00100000
00100000
00111000
00111000
00111000
00111000
00111000
00000000
# 10 - J
00001000
00001000
00001000
00001100
00001100
01001100
01111100
00000000
# 11 - K
01000100
01011100
01110000
01110000
01111100
01100100
01100100
00000000
# 12 - L
01000000
01000000
01000000
01100000
01100000
01100000
01111100
00000000
# 13 - M
01000100
01100100
01111100
01000100
01000100
01000100
01000100
00000000
# 14 - N
01100100
01110100
01111100
01011100
01000100
01000100
01000100
00000000
# 15 - O
01111100
01001100
01001100
01000100
01000100
01000100
01111100
00000000
# 16 - P
01111100
01000100
01111100
01100000
01100000
01100000
01100000
00000000
# 17 - Q
01111100
01001100
01001100
01000100
01000100
01001000
01100100
00000000
# 18 - R
01111100
01000100
01111100
01110000
01110000
01100100
01100100
00000000
# 19 - S
01111100
01000100
01000000
01111100
00001100
01001100
01111100
00000000
# 20 - T
01111100
00100000
00100000
00110000
00110000
00110000
00110000
00000000
# 21 - U
01000100
01000100
01000100
01100100
01100100
01100100
01111100
00000000
# 22 - V
01100100
01100100
01100100
01100100
01111100
00110000
00100000
00000000
# 23 - W
01000100
01000100
01000100
01000100
01111100
01100100
01000100
00000000
# 24 - X
01000100
01000100
00000000
00010000
00000000
01000100
01000100
00000000
# 25 - Y
01001100
01001100
01111100
00110000
00110000
00110000
00110000
00000000
#26 - Z
01111100
01000100
00010000
00110000
00000000
01001100
01111100
00000000
#27 - [
00000000
00000000
00000000
00000000
00000000
00000000
00000000
00000000
# 28 - pound
00000000
00000000
00000000
00000000
00000000
00000000
00000000
00000000
# 29 - ]
00000000
00000000
00000000
00000000
00000000
00000000
00000000
00000000
# 30 - up arrow
00000000
00000000
00000000
00000000
00000000
00000000
00000000
00000000
# 31 - down arrow
00000000
00000000
00000000
00000000
00000000
00000000
00000000
00000000
# 32 - blank
00000000
00000000
00000000
00000000
00000000
00000000
00000000
00000000
# 33 - !
00000000
00000000
00000000
00000000
00000000
00000000
00000000
00000000
# 34 - "
00000000
00000000
00000000
00000000
00000000
00000000
00000000
00000000
# 35 - #
00000000
00000000
00000000
00000000
00000000
00000000
00000000
00000000
# 36 - $ - Guard placeholder w/color index 3
03003003
03033303
00333330
00003300
00333300
03303300
03303300
00003300
#37 - % - Runner (placeholder w/color index 2)
00002000
00022200
00022200
02222000
22020220
00022000
22202200
00002200
# 38 - &
00000000
00000000
00000000
00000000
00000000
00000000
00000000
00000000
# 39 - '
00000000
00000000
00000000
00000000
00000000
00000000
00000000
00000000
# 40 - (
00000000
00000000
00000000
00000000
00000000
00000000
00000000
00000000
# 41 - )
00000000
00000000
00000000
00000000
00000000
00000000
00000000
00000000
# 42 - *
00000000
00000000
00000000
00000000
00000000
00000000
00000000
00000000
# 43 - +
00000000
00000000
00000000
00000000
00000000
00000000
00000000
00000000
# 44 - ,
00000000
00000000
00000000
00000000
00000000
00000000
00000000
00000000
# 45 - -
00000000
00000000
00000000
00000000
00000000
00000000
00000000
00000000
# 46 - .
00000000
00000000
00000000
00000000
00000000
00000000
00000000
00000000
# 47 - /
00000000
00000000
00000000
00000000
00000000
00000000
00000000
00000000
# digits w/color index 3
# 48 - 0
03333300
03000300
03000300
03003300
03003300
03003300
03333300
00000000
# 49 - 1
03333000
03333000
00033000
00033000
00033000
00033000
03333300
00000000
# 50 - 2
03333300
03000300
00000300
03333300
03000000
03003300
03333300
00000000
# 51 - 3
03333300
03000300
00000300
00333300
00000300
03000300
03333300
00000000
# 52 - 4
03300300
03300300
03333300
00000300
00000300
00000300
00000300
00000000
# 53 - 5
03333300
03000000
03333300
00003300
00003300
00003300
03333300
00000000
# 54 - 6
03333300
03000300
03000000
03333300
03003300
03003300
03333300
00000000
# 55 - 7
03333300
00003300
00003300
00033000
00030000
00030000
00030000
00000000
# 56 - 8
00033300
00030300
00030300
03333300
03000300
03000300
03333300
00000000
# 57 - 9
03333300
03000300
03000300
03333300
00003300
00003300
00003300
00000000
# 58 - :
00000000
00000000
00011000
00011000
00000000
00011000
00011000
00000000
# 59 - ;
00000000
00000000
00000000
00000000
00000000
00000000
00000000
00000000
# 60 - <
00000000
00000000
00000000
00000000
00000000
00000000
00000000
00000000
# 61 - =
00000000
00000000
00000000
00000000
00000000
00000000
00000000
00000000
# 62 - >
00000000
00000000
00000000
00000000
00000000
00000000
00000000
00000000
# 63 - ?
00000000
00000000
00000000
00000000
00000000
00000000
00000000
00000000
# Tiles for levels w/color index 1 unless noted
# 64 - brick
11111011
11111011
11111011
00000000
11011111
11011111
11011111
00000000
# 65 - block 
11111111
11111111
11111111
11111111
11111111
11111111
11111111
00000000
# 66 - trap (displays as brick)
11111011
11111011
11111011
00000000
11011111
11011111
11011111
00000000
# 67 - ladder w/color index 2
02200220
02222220
02200220
02200220
02200220
02222220
02200220
02200220
# 68 - hidden ladder w/color index 2 (displays as ladder)
02200220
02222220
02200220
02200220
02200220
02222220
02200220
02200220
# 69 - rope w/color index 2
00000000
22222222
00000000
00000000
00000000
00000000
00000000
00000000
# 70 - gold w/color indices 1 and 2
00000000
00000000
02222220
02211220
02211220
02222220
02222220
00000000
# 71 - hole
00000000
00000000
00000000
00000000
00000000
00000000
00000000
00000000
# 72 - hole regen #1
00000000
00000000
00000000
00000000
10000000
11000001
11001111
00000000
# 73 - hole regen #2
00000000
00000000
10000000
00000000
11000011
11000111
11011111
00000000
# 74 - hole regen #3
00000000
10000001
11000011
00000000
11011111
11011111
11011111
00000000
# 75 - blast debris
00000000
00000000
00001000
00001001
01000100
00101000
00000000
00000000
# 76 - ground
11111111
11111111
11111111
11111111
11111111
00000000
00000000
00000000














